E=[[0 5*ones(1,5)];[0.1:0.2:0.7 .7 .9];12:-3:-3;6:11]