% part a
E = [0: 5:5:5; 0.1:0.9:0.2; 12:-3: 3; 6:11:1]


% part b
c = [1.5 2 2.5 3 3.5 4 4.5 5 9.6 9.1 8.6 8.1 7.6 7.1 6.6 6.1]; 
a = [1.5 2 2.5 3 ];
b = [3.5 4 4.5 5 ];
e = [9.6 9.1 8.6 8.1];
d = [7.6 7.1 6.6 6.1];
D = [a; b; e; d]

